-2.94451
-2.8107
-2.75897
-2.74544
-2.73565
-2.62491
-2.58402
-2.51866
-2.49049
-2.45942
-2.44549
-2.39675
-2.39272
-2.31244
-2.23914
-2.21538
-2.20743
-2.15698
-2.14082
-2.13855
-2.12154
-2.08454
-2.06739
-2.06031
-2.04029
-2.03117
-2.02223
-2.01986
-2.00824
-2.00366
-1.96531
-1.96005
-1.92425
-1.90371
-1.89766
-1.87945
-1.85284
-1.85029
-1.8398
-1.82666
-1.79974
-1.78525
-1.78187
-1.78037
-1.75057
-1.74634
-1.74353
-1.73901
-1.71788
-1.71123
-1.69107
-1.68187
-1.64466
-1.6423
-1.62201
-1.60709
-1.5898
-1.58066
-1.57534
-1.55683
-1.55248
-1.55018
-1.54917
-1.54512
-1.5431
-1.53535
-1.51817
-1.51431
-1.49931
-1.48764
-1.46669
-1.46088
-1.45491
-1.44159
-1.44008
-1.43449
-1.4245
-1.41946
-1.40576
-1.40535
-1.40044
-1.39516
-1.38931
-1.37914
-1.37815
-1.36794
-1.36328
-1.35729
-1.35557
-1.34984
-1.34699
-1.33533
-1.33496
-1.33477
-1.3169
-1.31037
-1.30767
-1.29998
-1.29713
-1.29271
-1.28901
-1.28202
-1.28063
-1.27475
-1.27423
-1.25753
-1.2545
-1.25164
-1.23115
-1.22206
-1.21036
-1.21004
-1.20781
-1.20496
-1.19851
-1.19804
-1.19241
-1.19008
-1.18899
-1.18559
-1.17897
-1.1779
-1.17256
-1.16212
-1.16152
-1.15778
-1.15583
-1.15419
-1.14722
-1.1459
-1.13957
-1.13214
-1.12491
-1.11502
-1.10131
-1.09851
-1.09683
-1.08532
-1.08119
-1.0745
-1.07245
-1.06231
-1.05775
-1.05468
-1.04353
-1.04301
-1.00844
-1.00324
-1.00046
-0.998571
-0.995803
-0.992918
-0.992543
-0.992043
-0.984562
-0.97001
-0.969521
-0.96793
-0.966954
-0.960381
-0.96014
-0.959412
-0.954453
-0.954453
-0.95012
-0.945206
-0.944131
-0.941386
-0.940909
-0.940909
-0.939599
-0.93853
-0.937462
-0.933078
-0.921086
-0.916186
-0.91607
-0.911425
-0.90703
-0.9007
-0.897492
-0.896689
-0.895204
-0.893378
-0.8911
-0.890191
-0.888147
-0.884747
-0.878879
-0.87618
-0.874272
-0.872144
-0.86935
-0.859347
-0.857799
-0.854709
-0.853718
-0.850966
-0.850418
-0.838725
-0.836335
-0.835466
-0.831353
-0.822631
-0.820487
-0.819202
-0.817704
-0.817383
-0.816849
-0.812161
-0.803784
-0.802199
-0.79767
-0.788973
-0.784594
-0.776295
-0.77423
-0.763946
-0.763537
-0.758122
-0.757611
-0.754761
-0.753541
-0.751004
-0.750902
-0.742914
-0.742209
-0.739792
-0.737582
-0.735977
-0.733971
-0.728874
-0.72708
-0.726681
-0.721311
-0.717348
-0.708276
-0.701018
-0.70004
-0.698185
-0.696332
-0.69565
-0.694286
-0.694189
-0.693994
-0.692632
-0.69234
-0.691952
-0.688844
-0.686616
-0.680336
-0.673793
-0.660986
-0.660225
-0.653864
-0.653012
-0.652254
-0.642538
-0.641504
-0.639157
-0.6298
-0.624865
-0.624772
-0.62468
-0.62375
-0.618832
-0.615501
-0.615038
-0.614946
-0.608857
-0.607384
-0.605546
-0.603159
-0.602515
-0.597479
-0.592913
-0.590543
-0.588723
-0.588177
-0.587813
-0.586722
-0.586359
-0.584362
-0.581189
-0.571164
-0.570624
-0.570533
-0.567476
-0.565141
-0.563168
-0.560569
-0.558423
-0.558333
-0.558155
-0.54737
-0.544085
-0.541958
-0.538417
-0.537709
-0.534266
-0.529594
-0.527835
-0.523356
-0.523094
-0.518712
-0.517488
-0.517138
-0.513032
-0.500161
-0.49341
-0.49246
-0.489956
-0.488749
-0.488664
-0.481006
-0.471239
-0.469358
-0.467224
-0.465093
-0.464496
-0.461941
-0.457944
-0.45786
-0.456246
-0.451752
-0.450905
-0.450735
-0.44955
-0.443465
-0.437649
-0.437565
-0.435545
-0.433023
-0.430504
-0.429329
-0.428993
-0.425223
-0.419869
-0.419201
-0.412194
-0.410863
-0.407119
-0.40048
-0.386099
-0.381488
-0.381159
-0.380007
-0.376556
-0.37631
-0.375571
-0.372781
-0.367702
-0.364348
-0.360917
-0.360671
-0.360427
-0.355533
-0.354881
-0.354801
-0.353905
-0.352683
-0.350567
-0.349753
-0.348859
-0.347802
-0.347477
-0.340011
-0.337581
-0.335638
-0.330463
-0.33022
-0.327959
-0.325861
-0.323603
-0.322233
-0.319253
-0.318046
-0.316277
-0.311776
-0.304155
-0.295195
-0.293836
-0.292719
-0.292318
-0.29176
-0.288489
-0.288409
-0.286894
-0.285778
-0.282911
-0.282593
-0.280761
-0.278852
-0.278613
-0.275274
-0.269322
-0.268845
-0.267021
-0.266625
-0.266466
-0.259736
-0.252462
-0.250963
-0.249858
-0.243313
-0.242367
-0.241264
-0.236226
-0.234418
-0.234338
-0.232137
-0.231823
-0.230644
-0.230566
-0.224913
-0.224757
-0.224051
-0.221619
-0.218092
-0.199562
-0.199251
-0.19808
-0.196676
-0.194025
-0.190051
-0.187248
-0.183123
-0.173408
-0.171311
-0.16906
-0.168362
-0.166035
-0.16526
-0.162545
-0.159446
-0.157896
-0.155496
-0.154566
-0.15209
-0.15178
-0.150696
-0.149072
-0.147912
-0.147293
-0.144587
-0.144587
-0.144432
-0.13416
-0.133541
-0.132075
-0.132075
-0.130995
-0.124825
-0.124285
-0.123899
-0.122512
-0.120971
-0.120663
-0.11473
-0.0813691
-0.0811383
-0.0799105
-0.0786827
-0.0767648
-0.0751538
-0.0749242
-0.0740033
-0.0707053
-0.068635
-0.0615819
-0.0571367
-0.0553746
-0.0552984
-0.0453406
-0.0452644
-0.0447278
-0.0381442
-0.037378
-0.0370721
-0.036996
-0.0354646
-0.0305658
-0.028806
-0.0287287
-0.028117
-0.0206182
-0.0196997
-0.0186287
-0.0183218
-0.0171747
-0.0131195
-0.00998284
-0.00830028
-0.00753516
-0.00669388
-0.00554564
0.00325144
0.00516366
0.00569912
0.00638693
0.00722935
0.00738282
0.0098305
0.0118189
0.0133491
0.0165619
0.016945
0.0171747
0.0182456
0.0200055
0.0206944
0.023831
0.0246735
0.0258206
0.0292653
0.0299542
0.0317141
0.0350815
0.0393686
0.0402872
0.040593
0.0419709
0.0435034
0.0545322
0.0560647
0.0590535
0.059589
0.0600494
0.0661817
0.0662578
0.0664875
0.0670252
0.0679438
0.0708587
0.0795274
0.0878947
0.092657
0.0941168
0.100189
0.100727
0.101188
0.103341
0.103803
0.106188
0.109496
0.110958
0.111652
0.113807
0.113885
0.120508
0.12282
0.124054
0.124594
0.125056
0.125133
0.126136
0.128757
0.129374
0.131226
0.133078
0.138097
0.139951
0.146056
0.147293
0.150001
0.151936
0.15209
0.152168
0.158052
0.159988
0.161848
0.162081
0.166656
0.167742
0.17038
0.178147
0.181334
0.183279
0.184601
0.185302
0.187481
0.191297
0.195273
0.202841
0.205732
0.207294
0.207294
0.208311
0.209093
0.220992
0.222874
0.223894
0.225698
0.226248
0.234338
0.239295
0.240004
0.243784
0.247964
0.248516
0.24962
0.251752
0.252146
0.2527
0.260763
0.26203
0.262189
0.262822
0.265991
0.268608
0.270987
0.271543
0.271701
0.27615
0.276308
0.276626
0.278534
0.280284
0.28092
0.286495
0.286575
0.288329
0.289046
0.295114
0.297113
0.299751
0.303355
0.304316
0.308726
0.308805
0.311936
0.314186
0.315472
0.316437
0.318369
0.3232
0.324812
0.325861
0.326668
0.327959
0.329412
0.329574
0.340498
0.343011
0.344472
0.350079
0.350242
0.355452
0.356756
0.358306
0.360753
0.362061
0.364512
0.368357
0.372044
0.37746
0.378117
0.3782
0.379844
0.382064
0.38371
0.386594
0.386594
0.388656
0.389481
0.394768
0.39576
0.397498
0.398575
0.399652
0.399734
0.40048
0.405873
0.408617
0.409948
0.411112
0.417948
0.418617
0.4187
0.4187
0.419952
0.423213
0.424468
0.426395
0.426814
0.426814
0.43193
0.432939
0.43319
0.4342
0.435881
0.441946
0.444393
0.446252
0.446589
0.44862
0.456162
0.456246
0.459729
0.460325
0.460325
0.461686
0.462196
0.465434
0.470384
0.472606
0.480834
0.481521
0.486854
0.487629
0.488405
0.501287
0.513119
0.513207
0.51539
0.520288
0.520638
0.523708
0.524058
0.529419
0.53162
0.534001
0.539037
0.539302
0.544439
0.54666
0.547636
0.550306
0.55084
0.551285
0.558333
0.561197
0.564962
0.566936
0.568016
0.570894
0.576665
0.578021
0.585542
0.588268
0.588632
0.593916
0.594007
0.604076
0.606281
0.60895
0.611806
0.621242
0.62282
0.62412
0.625143
0.628029
0.628681
0.634004
0.638406
0.63972
0.643103
0.647435
0.648663
0.64904
0.649229
0.657562
0.661937
0.662128
0.663653
0.674945
0.675714
0.682169
0.682555
0.683231
0.694092
0.694383
0.71034
0.712016
0.713987
0.720717
0.724192
0.724392
0.725088
0.727377
0.732471
0.735274
0.735977
0.739592
0.74999
0.754253
0.757204
0.758223
0.760674
0.767022
0.767332
0.769489
0.771342
0.772991
0.775779
0.77909
0.78699
0.789182
0.79536
0.795778
0.799459
0.801356
0.804841
0.806428
0.811203
0.812372
0.814716
0.81995
0.826931
0.827469
0.829948
0.832326
0.837963
0.838507
0.838615
0.838943
0.843411
0.844939
0.847566
0.847676
0.853938
0.856694
0.858131
0.86234
0.867344
0.868347
0.882937
0.886671
0.891555
0.896005
0.897032
0.900354
0.912469
0.913512
0.91735
0.92542
0.926125
0.928123
0.928949
0.93426
0.939719
0.941147
0.941625
0.948439
0.948799
0.953369
0.959533
0.961595
0.967198
0.969521
0.971604
0.984314
0.984562
0.985806
0.996181
0.996306
0.997186
1.00501
1.00527
1.00552
1.0059
1.00603
1.00628
1.00781
1.0161
1.02112
1.02292
1.03083
1.03396
1.04195
1.06056
1.06906
1.07354
1.08326
1.08477
1.08905
1.10935
1.11531
1.11945
1.13519
1.1368
1.15003
1.15152
1.16453
1.1674
1.17805
1.17943
1.1805
1.18806
1.19008
1.19039
1.19225
1.19303
1.19819
1.21227
1.21403
1.22968
1.2377
1.24183
1.24614
1.24747
1.25114
1.25668
1.25905
1.26362
1.26396
1.2643
1.28115
1.28866
1.292
1.29731
1.30355
1.30355
1.30516
1.31146
1.31381
1.32275
1.3292
1.34604
1.34813
1.3625
1.37224
1.38991
1.39213
1.40003
1.41071
1.42155
1.42408
1.4245
1.44116
1.44942
1.45315
1.45557
1.45712
1.46669
1.47345
1.4858
1.49532
1.49861
1.50903
1.51648
1.54109
1.56044
1.56044
1.56589
1.56615
1.58119
1.60182
1.60238
1.60931
1.61946
1.62659
1.62947
1.64289
1.64674
1.65752
1.65933
1.67437
1.69107
1.704
1.70925
1.73313
1.74634
1.7488
1.78902
1.82788
1.83032
1.8369
1.84188
1.86185
1.86228
1.87856
1.8817
1.89952
1.90606
1.92037
1.93758
1.94412
1.9559
1.98521
2.02282
2.02519
2.0354
2.04274
2.05207
2.06031
2.07787
2.09886
2.12227
2.13109
2.14692
2.16092
2.18859
2.19878
2.26821
2.30042
2.57758
2.61309
2.77301
3.29717
